-3.513393878936767578e+00 -3.513393878936767578e+00 -3.513393878936767578e+00 -3.513393878936767578e+00 -3.513393878936767578e+00 -3.138427972793579102e+00 -3.138427972793579102e+00 -3.138427972793579102e+00 -2.973678827285766602e+00 -2.952569246292114258e+00 -2.896628379821777344e+00 -2.842322111129760742e+00 -2.794961690902709961e+00 -2.757720470428466797e+00 -2.695077419281005859e+00 -2.661093950271606445e+00
-2.485965013504028320e+00 -2.440219402313232422e+00 -2.416853904724121094e+00 -2.391497135162353516e+00 -2.364911079406738281e+00 -2.293398141860961914e+00 -2.264886379241943359e+00 -2.240152359008789062e+00 -2.187238216400146484e+00 -2.158035278320312500e+00 -2.122834920883178711e+00 -2.084566354751586914e+00 -2.051403760910034180e+00 -2.018357753753662109e+00 -1.978877663612365723e+00 -1.943943142890930176e+00
-1.914322137832641602e+00 -1.881261467933654785e+00 -1.853443384170532227e+00 -1.826552152633666992e+00 -1.794118881225585938e+00 -1.766170620918273926e+00 -1.736887693405151367e+00 -1.710055232048034668e+00 -1.684014916419982910e+00 -1.656076788902282715e+00 -1.628042221069335938e+00 -1.601495265960693359e+00 -1.575714588165283203e+00 -1.550721049308776855e+00 -1.525523900985717773e+00 -1.499585509300231934e+00
-1.475312232971191406e+00 -1.451968431472778320e+00 -1.418672680854797363e+00 -1.409311652183532715e+00 -1.378612518310546875e+00 -1.356568455696105957e+00 -1.332932353019714355e+00 -1.311071872711181641e+00 -1.288986921310424805e+00 -1.266071438789367676e+00 -1.244657754898071289e+00 -1.223417043685913086e+00 -1.201489806175231934e+00 -1.180037379264831543e+00 -1.159145951271057129e+00 -1.138426780700683594e+00
-1.118379831314086914e+00 -1.097310423851013184e+00 -1.073825716972351074e+00 -1.062029838562011719e+00 -1.038399577140808105e+00 -1.018294215202331543e+00 -9.977490305900573730e-01 -9.782173037528991699e-01 -9.589289426803588867e-01 -9.397094845771789551e-01 -9.201887249946594238e-01 -9.011017084121704102e-01 -8.821086883544921875e-01 -8.632920980453491211e-01 -8.450890183448791504e-01 -8.259807229042053223e-01
-8.077085018157958984e-01 -7.886781096458435059e-01 -7.705199718475341797e-01 -7.517213821411132812e-01 -7.334796190261840820e-01 -7.153307795524597168e-01 -6.970380544662475586e-01 -6.791035532951354980e-01 -6.615489721298217773e-01 -6.436828970909118652e-01 -6.261012554168701172e-01 -6.086615324020385742e-01 -5.914521217346191406e-01 -5.735465288162231445e-01 -5.559239983558654785e-01 -5.382196903228759766e-01
-5.208728909492492676e-01 -4.992553293704986572e-01 -4.868097007274627686e-01 -4.697507321834564209e-01 -4.536460340023040771e-01 -4.349586069583892822e-01 -4.176947772502899170e-01 -4.034827649593353271e-01 -3.843218982219696045e-01 -3.673533499240875244e-01 -3.509708046913146973e-01 -3.339332640171051025e-01 -3.172277808189392090e-01 -3.006731867790222168e-01 -2.844353020191192627e-01 -2.676198184490203857e-01
-2.511122226715087891e-01 -2.341337651014328003e-01 -2.185333967208862305e-01 -2.019035965204238892e-01 -1.866564452648162842e-01 -1.700732260942459106e-01 -1.535434722900390625e-01 -1.397502273321151733e-01 -1.214345172047615051e-01 -1.049579456448554993e-01 -8.877484500408172607e-02 -7.283113896846771240e-02 -5.635966360569000244e-02 -4.034150019288063049e-02 -2.426061779260635376e-02 -8.236948400735855103e-03
8.236948400735855103e-03 2.426061779260635376e-02 4.034150019288063049e-02 5.635966360569000244e-02 7.283113896846771240e-02 8.877484500408172607e-02 1.049579456448554993e-01 1.214345172047615051e-01 1.397502273321151733e-01 1.535434722900390625e-01 1.700732260942459106e-01 1.866564452648162842e-01 2.019035965204238892e-01 2.185333967208862305e-01 2.341337651014328003e-01 2.511122226715087891e-01
2.676198184490203857e-01 2.844353020191192627e-01 3.006731867790222168e-01 3.172277808189392090e-01 3.339332640171051025e-01 3.509708046913146973e-01 3.673533499240875244e-01 3.843218982219696045e-01 4.034827649593353271e-01 4.176947772502899170e-01 4.349586069583892822e-01 4.536460340023040771e-01 4.697507321834564209e-01 4.868097007274627686e-01 4.992553293704986572e-01 5.208728909492492676e-01
5.382196903228759766e-01 5.559239983558654785e-01 5.735465288162231445e-01 5.914521217346191406e-01 6.086615324020385742e-01 6.261012554168701172e-01 6.436828970909118652e-01 6.615489721298217773e-01 6.791035532951354980e-01 6.970380544662475586e-01 7.153307795524597168e-01 7.334796190261840820e-01 7.517213821411132812e-01 7.705199718475341797e-01 7.886781096458435059e-01 8.077085018157958984e-01
8.259807229042053223e-01 8.450890183448791504e-01 8.632920980453491211e-01 8.821086883544921875e-01 9.011017084121704102e-01 9.201887249946594238e-01 9.397094845771789551e-01 9.589289426803588867e-01 9.782173037528991699e-01 9.977490305900573730e-01 1.018294215202331543e+00 1.038399577140808105e+00 1.062029838562011719e+00 1.073825716972351074e+00 1.097310423851013184e+00 1.118379831314086914e+00
1.138426780700683594e+00 1.159145951271057129e+00 1.180037379264831543e+00 1.201489806175231934e+00 1.223417043685913086e+00 1.244657754898071289e+00 1.266071438789367676e+00 1.288986921310424805e+00 1.311071872711181641e+00 1.332932353019714355e+00 1.356568455696105957e+00 1.378612518310546875e+00 1.409311652183532715e+00 1.418672680854797363e+00 1.451968431472778320e+00 1.475312232971191406e+00
1.499585509300231934e+00 1.525523900985717773e+00 1.550721049308776855e+00 1.575714588165283203e+00 1.601495265960693359e+00 1.628042221069335938e+00 1.656076788902282715e+00 1.684014916419982910e+00 1.710055232048034668e+00 1.736887693405151367e+00 1.766170620918273926e+00 1.794118881225585938e+00 1.826552152633666992e+00 1.853443384170532227e+00 1.881261467933654785e+00 1.914322137832641602e+00
1.943943142890930176e+00 1.978877663612365723e+00 2.018357753753662109e+00 2.051403760910034180e+00 2.084566354751586914e+00 2.122834920883178711e+00 2.158035278320312500e+00 2.187238216400146484e+00 2.240152359008789062e+00 2.264886379241943359e+00 2.293398141860961914e+00 2.364911079406738281e+00 2.391497135162353516e+00 2.416853904724121094e+00 2.440219402313232422e+00 2.485965013504028320e+00
2.661093950271606445e+00 2.695077419281005859e+00 2.757720470428466797e+00 2.794961690902709961e+00 2.842322111129760742e+00 2.896628379821777344e+00 2.952569246292114258e+00 2.973678827285766602e+00 3.138427972793579102e+00 3.138427972793579102e+00 3.138427972793579102e+00 3.513393878936767578e+00 3.513393878936767578e+00 3.513393878936767578e+00 3.513393878936767578e+00 3.513393878936767578e+00
